   2.50000004E-02     16.2577934    
   7.50000030E-02     21.4082413    
  0.125000000         18.6093788    
  0.175000012         14.5703440    
  0.224999994         11.7850370    
  0.275000006         8.91840649    
  0.324999988         4.81837893    
  0.375000000         2.03984809    
  0.425000012         1.18595827    
  0.474999994        0.406614244    
  0.524999976         0.00000000    
  0.575000048         0.00000000    
  0.625000000         0.00000000    
  0.674999952         0.00000000    
  0.725000024         0.00000000    
  0.774999976         0.00000000    
  0.825000048         0.00000000    
  0.875000000         0.00000000    
  0.924999952         0.00000000    
  0.975000024         0.00000000    
