   299.162720         5.65930940E-02
   326.058777        0.120260328    
   352.954803        0.424448222    
   379.850861        0.792303324    
   406.746918         2.50424457    
   433.642944         12.2736273    
   460.539001         6.03423882    
   487.435059         6.38794565    
   514.331116         18.3715343    
   541.227173         30.7866440    
   568.123169         10.1513863    
   595.019287         4.88822842    
   621.915283         3.02773070    
   648.811401         1.93123937    
   675.707397        0.997453332    
   702.603455        0.721561968    
   729.499512        0.339558572    
   756.395508        0.120260328    
   783.291626         6.36672303E-02
   810.187622         7.07413675E-03
