   372.911835         34.0322571    
   489.348511         9.19354820    
   605.785156         0.00000000    
   722.221802         0.00000000    
   838.658447         0.00000000    
   955.095093         0.00000000    
   1071.53174         0.00000000    
   1187.96851         0.00000000    
   1304.40503         0.00000000    
   1420.84180        0.645161271    
   1537.27832        0.645161271    
   1653.71509         3.87096763    
   1770.15161         7.90322590    
   1886.58838         25.0000000    
   2003.02502         10.6451616    
   2119.46167         3.06451607    
   2235.89844         3.38709688    
   2352.33496        0.806451619    
   2468.77148        0.322580636    
   2585.20825        0.483870953    
