   2.50000004E-02     8.30494022    
   7.50000030E-02     16.1839867    
  0.125000000         18.4838161    
  0.175000012         15.4173765    
  0.224999994         13.0749578    
  0.275000006         14.0971041    
  0.324999988         7.96422482    
  0.375000000         3.36456561    
  0.425000012         2.00170350    
  0.474999994        0.809199333    
  0.524999976        0.170357749    
  0.575000048         4.25894372E-02
  0.625000000         0.00000000    
  0.674999952         0.00000000    
  0.725000024         8.51788744E-02
  0.774999976         0.00000000    
  0.825000048         0.00000000    
  0.875000000         0.00000000    
  0.924999952         0.00000000    
  0.975000024         0.00000000    
