332
58 2 986 1011 4
59 2 985 1011 4
109 2 440 415 2
110 2 440 414 2
157 2 1017 991 4
160 2 992 1017 4
189 2 437 463 2
192 2 438 463 2
197 2 969 994 4
198 2 968 994 4
6567 2 420 445 2
6568 2 419 445 2
6573 2 425 451 2
6576 2 426 451 2
6577 2 979 1005 4
6580 2 980 1005 4
6589 2 426 452 2
6592 2 427 452 2
6593 2 978 1004 4
6596 2 979 1004 4
6621 2 424 450 2
6624 2 425 450 2
6625 2 980 1006 4
6628 2 981 1006 4
6653 2 427 453 2
6656 2 428 453 2
6657 2 977 1003 4
6660 2 978 1003 4
6677 2 449 423 2
6680 2 424 449 2
6717 2 428 454 2
6720 2 429 454 2
6725 2 448 422 2
6728 2 448 423 2
6761 2 429 455 2
6764 2 430 455 2
6869 2 419 444 2
6870 2 418 444 2
7273 2 973 998 4
7274 2 972 998 4
7361 2 972 997 4
7362 2 971 997 4
8823 2 422 447 2
8824 2 421 447 2
8865 2 981 1007 4
8868 2 982 1007 4
9551 2 414 439 2
9552 2 2 439 2
9554 2 1 1018 4
9555 2 992 1018 4
9577 2 432 458 2
9580 2 433 458 2
9646 2 1008 983 4
9647 2 1008 982 4
9657 2 1001 975 4
9660 2 976 1001 4
9743 2 968 993 4
9744 2 993 6 4
9746 2 464 3 2
9747 2 464 438 2
9934 2 988 1013 4
9935 2 987 1013 4
10161 2 456 430 2
10164 2 456 431 2
10165 2 433 459 2
10168 2 434 459 2
10279 2 421 446 2
10280 2 420 446 2
10318 2 985 1010 4
10319 2 984 1010 4
10321 2 1000 974 4
10324 2 1000 975 4
10478 2 977 1002 4
10479 2 976 1002 4
10501 2 435 461 2
10504 2 436 461 2
10507 2 416 441 2
10508 2 441 415 2
10509 2 971 996 4
10510 2 970 996 4
10541 2 1009 983 4
10544 2 984 1009 4
10597 2 989 1015 4
10600 2 990 1015 4
10606 2 1016 991 4
10607 2 1016 990 4
10685 2 417 442 2
10686 2 416 442 2
10695 2 418 443 2
10696 2 417 443 2
10726 2 437 462 2
10727 2 436 462 2
10731 2 970 995 4
10732 2 969 995 4
10797 2 988 1014 4
10800 2 989 1014 4
10841 2 986 1012 4
10844 2 987 1012 4
11110 2 435 460 2
11111 2 434 460 2
11150 2 432 457 2
11151 2 457 431 2
11237 2 974 999 4
11238 2 973 999 4
11733 2 828 781 1
11734 2 780 828 1
11741 2 826 779 1
11742 2 778 826 1
11749 2 824 777 1
11750 2 776 824 1
11765 2 784 831 1
11766 2 831 783 1
11785 2 834 787 1
11786 2 834 786 1
11793 2 836 789 1
11794 2 836 788 1
11825 2 792 839 1
11826 2 791 839 1
11867 2 829 782 1
11868 2 829 781 1
11878 2 846 799 1
11879 2 846 798 1
11885 2 842 795 1
11886 2 842 794 1
11895 2 832 785 1
11896 2 832 784 1
11915 2 837 790 1
11916 2 789 837 1
11926 2 845 798 1
11927 2 797 845 1
11935 2 804 757 1
11936 2 804 756 1
11943 2 840 793 1
11944 2 840 792 1
11975 2 810 763 1
11976 2 810 762 1
11977 2 808 761 1
11978 2 808 760 1
11981 2 812 765 1
11982 2 812 764 1
12007 2 825 778 1
12008 2 777 825 1
12011 2 833 786 1
12012 2 833 785 1
12015 2 835 788 1
12016 2 787 835 1
12019 2 838 791 1
12020 2 838 790 1
12023 2 811 764 1
12024 2 811 763 1
12027 2 830 783 1
12028 2 830 782 1
12031 2 841 794 1
12032 2 841 793 1
12055 2 809 762 1
12056 2 809 761 1
12059 2 813 766 1
12060 2 765 813 1
12063 2 827 780 1
12064 2 827 779 1
12065 2 760 807 1
12066 2 759 807 1
12115 2 805 758 1
12116 2 757 805 1
12143 2 806 759 1
12144 2 806 758 1
12215 2 843 796 1
12216 2 795 843 1
12217 2 844 797 1
12218 2 844 796 1
12221 2 776 823 1
12222 2 823 775 1
12245 2 768 815 1
12246 2 767 815 1
12269 2 803 756 1
12270 2 803 755 1
12279 2 814 767 1
12280 2 814 766 1
12365 2 953 948 4
12366 2 953 947 4
12377 2 952 947 4
12378 2 952 946 4
12397 2 818 771 1
12398 2 770 818 1
12429 2 820 773 1
12430 2 772 820 1
12445 2 822 775 1
12446 2 822 774 1
12477 2 802 755 1
12478 2 802 754 1
12565 2 799 847 1
12568 2 800 847 1
12569 2 801 754 1
12570 2 801 14 1
12574 2 955 6 4
12575 2 955 949 4
12581 2 800 848 1
12583 2 945 950 4
12584 2 848 5 1
12584 2 5 950 4
12719 2 816 769 1
12720 2 768 816 1
12743 2 817 770 1
12744 2 769 817 1
12779 2 819 772 1
12780 2 819 771 1
12811 2 821 774 1
12812 2 821 773 1
12861 2 954 948 4
12864 2 954 949 4
12873 2 946 951 4
12874 2 945 951 4
12921 2 612 564 1
12924 2 612 565 1
12929 2 566 614 1
12932 2 614 567 1
12945 2 617 569 1
12948 2 617 570 1
12961 2 571 619 1
12964 2 619 572 1
12969 2 573 621 1
12972 2 621 574 1
12977 2 575 623 1
12980 2 576 623 1
12985 2 577 625 1
12988 2 625 578 1
13017 2 627 579 1
13020 2 627 580 1
13021 2 567 615 1
13024 2 568 615 1
13030 2 632 585 1
13031 2 584 632 1
13077 2 629 581 1
13080 2 629 582 1
13106 2 584 631 1
13107 2 631 583 1
13119 2 590 543 1
13120 2 590 542 1
13137 2 594 547 1
13138 2 546 594 1
13165 2 592 545 1
13166 2 544 592 1
13179 2 593 546 1
13180 2 593 545 1
13186 2 611 564 1
13187 2 563 611 1
13202 2 616 569 1
13203 2 616 568 1
13206 2 618 571 1
13207 2 618 570 1
13210 2 620 573 1
13211 2 620 572 1
13214 2 622 575 1
13215 2 574 622 1
13218 2 624 577 1
13219 2 576 624 1
13222 2 626 579 1
13223 2 578 626 1
13226 2 628 581 1
13227 2 628 580 1
13247 2 544 591 1
13248 2 543 591 1
13250 2 630 583 1
13251 2 630 582 1
13266 2 613 566 1
13267 2 565 613 1
13275 2 595 548 1
13276 2 595 547 1
13279 2 600 553 1
13280 2 552 600 1
13337 2 597 550 1
13338 2 597 549 1
13343 2 596 549 1
13344 2 548 596 1
13489 2 589 542 1
13490 2 541 589 1
13569 2 520 525 2
13570 2 525 519 2
13589 2 524 519 2
13590 2 524 518 2
13605 2 552 599 1
13606 2 599 551 1
13625 2 602 555 1
13626 2 554 602 1
13645 2 609 561 1
13648 2 609 562 1
13649 2 604 557 1
13650 2 556 604 1
13665 2 606 559 1
13666 2 606 558 1
13697 2 588 541 1
13698 2 588 540 1
13765 2 585 633 1
13768 2 633 586 1
13769 2 587 540 1
13770 2 587 4 1
13770 2 4 527 2
13771 2 521 527 2
13779 2 522 517 2
13780 2 522 3 2
13781 2 586 634 1
13784 2 634 7 1
13923 2 598 551 1
13924 2 598 550 1
13971 2 601 554 1
13972 2 601 553 1
13999 2 603 556 1
14000 2 603 555 1
14023 2 605 558 1
14024 2 605 557 1
14045 2 607 559 1
14048 2 560 607 1
14054 2 608 561 1
14055 2 608 560 1
14070 2 610 563 1
14071 2 610 562 1
14089 2 520 526 2
14092 2 521 526 2
14097 2 523 518 2
14098 2 523 517 2
14219 2 739 734 1
14220 2 739 733 1
14341 2 738 733 1
14342 2 738 732 1
14363 2 736 731 1
14364 2 736 7 1
14366 2 741 14 1
14367 2 741 735 1
14429 2 737 732 1
14430 2 737 731 1
14441 2 740 734 1
14444 2 740 735 1
