200
39 2 44 143
40 2 43 143
409 2 56 155
410 2 155 55
449 2 170 71
450 2 170 70
925 2 73 172
926 2 72 172
1061 2 60 159
1062 2 59 159
1211 2 160 61
1212 2 160 60
1229 2 146 47
1230 2 146 46
1406 2 210 111
1407 2 210 110
1411 2 18 117
1412 2 17 117
1486 2 112 211
1487 2 211 111
1577 2 66 165
1578 2 65 165
1586 2 208 109
1587 2 208 108
1591 2 20 119
1592 2 19 119
1615 2 17 116
1616 2 16 116
1697 2 209 109
1700 2 209 110
1703 2 19 118
1704 2 18 118
1811 2 154 55
1812 2 154 54
1815 2 74 173
1816 2 73 173
1823 2 76 175
1824 2 75 175
1827 2 152 53
1828 2 152 52
1851 2 177 78
1852 2 177 77
1855 2 51 150
1856 2 50 150
2051 2 57 156
2052 2 56 156
2055 2 72 171
2056 2 171 71
2179 2 25 124
2180 2 24 124
2182 2 104 203
2183 2 203 103
2187 2 75 174
2188 2 74 174
2191 2 80 179
2192 2 179 79
2203 2 153 54
2204 2 153 53
2207 2 176 77
2208 2 176 76
2211 2 52 151
2212 2 51 151
2259 2 178 79
2260 2 178 78
2291 2 161 62
2292 2 161 61
2295 2 64 163
2296 2 163 63
2299 2 67 166
2300 2 66 166
2330 2 105 204
2331 2 104 204
2335 2 24 123
2336 2 123 23
2367 2 59 158
2368 2 58 158
2463 2 50 149
2464 2 49 149
2506 2 201 102
2507 2 201 101
2559 2 120 21
2560 2 120 20
2563 2 58 157
2564 2 57 157
2633 2 49 148
2634 2 48 148
2658 2 82 181
2659 2 81 181
2666 2 200 101
2667 2 200 100
2679 2 162 63
2680 2 162 62
2774 2 202 103
2775 2 202 102
2814 2 99 198
2815 2 98 198
3110 2 97 196
3111 2 96 196
3115 2 32 131
3116 2 131 31
3122 2 100 199
3123 2 99 199
3155 2 28 127
3156 2 27 127
3217 2 195 95
3220 2 96 195
3223 2 130 31
3224 2 130 30
3286 2 81 180
3287 2 80 180
3366 2 98 197
3367 2 97 197
3446 2 43 142
3447 2 42 142
3450 2 185 86
3451 2 185 85
3494 2 41 140
3495 2 40 140
3498 2 88 187
3499 2 187 87
3530 2 194 95
3531 2 194 94
3534 2 192 93
3535 2 192 92
3539 2 34 133
3540 2 33 133
3543 2 136 37
3544 2 136 36
3547 2 138 39
3548 2 138 38
3550 2 90 189
3551 2 89 189
3597 2 65 164
3598 2 64 164
3618 2 91 190
3619 2 90 190
3647 2 33 132
3648 2 32 132
3666 2 42 141
3667 2 41 141
3670 2 186 87
3671 2 186 86
3699 2 40 139
3700 2 139 39
3707 2 137 38
3708 2 137 37
3875 2 48 147
3876 2 147 47
5141 2 193 93
5144 2 193 94
5433 2 91 191
5436 2 92 191
5661 2 88 188
5664 2 89 188
6689 2 82 182
6692 2 83 182
7591 2 168 69
7592 2 168 68
7841 2 68 167
7842 2 67 167
8261 2 122 23
8262 2 122 22
8345 2 169 70
8346 2 169 69
8729 2 83 183
8732 2 84 183
9041 2 36 135
9042 2 35 135
9395 2 121 22
9396 2 121 21
9454 2 184 85
9455 2 184 84
9549 2 113 213
9552 2 2 213
9553 2 114 15
9554 2 1 114
9697 2 107 207
9700 2 108 207
9875 2 35 134
9876 2 34 134
9951 2 144 45
9952 2 144 44
10033 2 27 126
10034 2 26 126
10153 2 105 205
10156 2 106 205
10189 2 129 30
10190 2 129 29
10885 2 145 46
10886 2 145 45
11023 2 26 125
11024 2 25 125
11133 2 112 212
11136 2 113 212
11137 2 16 115
11138 2 115 15
11370 2 107 206
11371 2 106 206
11475 2 128 29
11476 2 128 28
