   6.19039536        0.298126072    
   6.71630478        0.724020422    
   7.24221420         2.64054513    
   7.76812363         3.57751274    
   8.29403305         6.94207859    
   8.81994247         15.1192503    
   9.34585190         14.5655880    
   9.87176132         19.5485516    
   10.3976707         10.3918228    
   10.9235802         5.79216337    
   11.4494886         7.28279400    
   11.9753981         4.94037485    
   12.5013075         3.06643963    
   13.0272169         2.47018743    
   13.5531263         1.10732543    
   14.0790358        0.596252143    
   14.6049452        0.724020422    
   15.1308546         8.51788744E-02
   15.6567640         4.25894372E-02
   16.1826725         8.51788744E-02
